4. 10. 1957
24. 10. 1976
26. 05. 1982
31. 6. 2013
19. 13. 2013
11. 0. 2010
29. 2. 1956
19. 3. 2015
31. 4. 2010
29. 2. 2010
31. 9. 1964
12. 4. 1988
1. 5. 1945
12. 11. 2005
31. 12. 1999
28. 10. 1918
1. 1. 1969
05. 05. 1945
13. 2. 1946
7. 5. 1952
0. 12. 1961
25. 4. 1961
10. 9. 1905
23. 12. 1947
29. 2. 1900
13. 2. 1956
29. unora 1800
29. unora 2000
29. 2. 2004
1. 1. 2012
31. 12. 2016
31. 3. 2007
1. leden 1969
5. kvetna 1945
13. cervenc 1957
7. kveten 1952
12. prosinec 1955
25. dubna 1961
10. zari 1905
23. prosnce 1947
29. unora 2004
1. lden 2012
31. prosinec 2016
31. brezna 2007
