1000
716671
370868
683408
388494
401896
777400
594181
85988
330271
343369
370098
190403
648487
153225
130858
910343
610521
28429
970281
759932
262050
52001
271244
324766
475748
602984
840797
626711
241420
17306
149720
246325
197352
788741
829749
401126
255617
254925
385781
979037
27363
142999
141215
928194
246968
592090
651623
479065
479680
168924
574167
206703
397646
549554
195674
888091
168414
234043
127947
795389
509535
549449
971227
461717
372487
262543
918906
121559
538208
637499
939754
554293
388728
980
722580
614084
535623
492729
118655
660882
342561
995764
454228
871101
900412
513692
252619
250842
519951
850722
404521
33905
654803
464592
149709
822749
358437
193618
10149
55890
567835
321389
605395
197879
339899
745417
635319
276739
16805
853058
408972
588915
686635
725436
546018
667402
817670
246034
786154
672800
366742
921164
676971
230859
960412
967370
534209
740506
438797
292493
576674
15617
430616
543765
739629
360782
423590
161284
522646
623403
953513
132524
8581
831213
243718
762317
544405
29444
270534
449158
970518
723424
974813
755540
937855
23136
35756
833578
735294
592073
796989
685821
304608
264840
945269
905769
973184
313816
746053
866426
811957
753726
665296
139226
886152
781971
152551
529752
798824
670376
896969
828293
894269
72167
213497
527421
625026
695087
832278
178499
914606
577604
996984
715370
146845
261452
892692
490478
130287
245432
392871
202661
194411
466834
90085
56773
958952
891341
666027
727447
940485
482043
573174
622341
810214
546168
838066
953741
5989
563988
949188
4481
756099
927922
664781
375704
949403
343967
978249
741861
390963
382607
256284
681998
641572
330372
55290
964237
294709
86527
553168
21270
255403
436141
876929
553022
481093
412496
22270
554138
938165
273005
18812
877762
983430
529465
991025
906028
453382
881608
181940
449895
750893
89275
438618
954625
41139
13205
149614
563030
868601
163540
254327
587886
970613
635960
445623
577526
229628
180890
969377
884867
57738
204449
893542
96470
474443
235983
101141
538184
308679
143108
765496
219600
307207
172253
780481
488745
253965
908503
312547
157819
991741
216962
718277
365937
813685
936116
782970
33106
948893
937299
80907
477476
750988
129973
421041
823097
529670
468901
121127
791504
668759
763301
765725
993300
581633
222761
29984
893986
282844
95708
660004
998515
354062
153739
541889
75406
85225
866960
304290
635174
879320
255254
311153
400349
317857
564005
625241
663589
241374
211437
59084
125375
649010
279062
719353
30308
588026
366798
106879
395931
656007
383331
285658
722368
333007
531971
400042
903280
524623
782418
928208
916268
46573
716066
955157
958934
704048
466995
979756
517993
878083
914493
129206
119920
693639
730927
588701
821047
194469
690766
52141
8791
685971
159462
71555
772403
660754
429681
492890
20012
17515
825635
772946
124534
748329
873810
984469
650010
288703
494810
332696
545884
294401
169249
459234
286852
614573
775965
913225
443262
819169
160919
161441
935306
380476
380523
539810
311281
931548
768186
79835
997605
706994
984925
832286
51361
248180
547687
34060
454221
142934
779290
535453
800592
217701
250731
137373
278308
240870
428416
434021
208446
414806
471110
356876
426372
661
3530
517813
587363
854692
988102
753522
70320
678037
627092
659483
113247
713793
979394
44459
601549
154329
333065
899144
148681
13572
348337
9277
370709
491777
382777
598132
678436
900282
94395
722918
788010
284478
168569
165496
861231
981555
668770
599915
271678
380498
448124
593489
639532
551301
404247
916623
71113
927970
550121
13615
873922
62657
784799
353996
320634
280207
267208
999876
446292
615645
424632
431830
820372
839231
267826
154991
409909
336129
254771
942065
686039
323882
642520
502964
402492
245104
973258
987848
956551
12924
82967
161400
502564
682135
757501
402989
681265
302927
844435
821970
957665
579189
777850
34875
21583
59149
141673
524060
427666
344559
81387
802166
816986
906756
292985
954942
899669
494809
369609
672056
12993
380132
5898
967212
453086
825680
911361
289913
481222
810258
917116
922428
584726
143291
775874
380130
429817
544
965945
894798
206404
304055
229466
785415
757757
277151
383478
101068
666930
910205
588565
316401
181096
323858
219860
155325
283328
260485
397350
777425
287503
520949
629087
242447
196052
284805
165285
131968
93817
588005
806046
44026
834683
496096
108468
550054
626488
834209
945161
3297
310712
863673
173037
660239
365130
734043
654789
799200
884717
981115
215160
119594
823847
160546
830004
355799
263579
946068
705502
310237
408344
193381
626808
59410
351454
858350
776054
15295
67442
753544
292746
521805
257517
288604
738729
59476
64829
707028
585883
722313
433321
713000
495328
433725
770469
246169
331495
98919
989575
754983
212682
515976
815036
359605
384677
370247
184557
853984
324838
788172
859147
827877
218868
182508
186578
754952
248366
164735
844395
697250
791154
199236
179872
628184
726524
12690
608413
460768
843940
237624
989443
112740
893859
43283
854885
71066
532759
710473
63360
154599
894956
95052
517003
981782
989891
229794
857522
954359
820777
561335
515071
907088
802338
982452
204613
694696
937139
554543
348768
724282
956398
177968
137564
748612
537160
171126
293507
294392
357630
598505
723287
475755
801329
502969
366294
652144
514290
593936
979014
565114
748190
896729
144012
907821
115452
407272
316518
523230
318684
781361
655038
41156
626126
623417
901034
703503
993256
624595
103443
208949
723049
703171
509883
25436
257393
593737
990446
698245
291980
935161
772379
85057
371804
63260
49398
319627
666888
561320
958881
283141
300819
147754
750940
19402
75007
335654
415783
453354
989014
26514
613173
203888
108452
298701
833024
885045
258722
108889
764907
916314
517986
395479
513696
276219
931253
881495
359680
319189
189956
856527
461288
537524
350134
755109
309499
723884
221344
791121
817228
626019
192597
985256
764163
626786
370459
108687
110858
489980
282831
3675
331753
662140
419876
926557
594202
792329
799940
135809
977325
808871
523814
717868
259836
11582
315953
626136
149720
508253
143897
276638
327864
141334
710172
234790
920536
637255
993179
945062
333833
508344
664545
6204
254954
973431
723637
642559
855769
234798
959650
706595
338990
724329
985809
657179
221939
570624
563285
645688
502958
224922
72036
875207
38817
445671
859896
535621
237819
338004
321040
118383
441743
742103
541462
802409
424592
464885
877382
494578
394801
754447
66785
674546
295895
195258
182949
83405
699372
143840
840498
1581
94530
102596
93961
16148
336751
919687
725371
749373
257769
163978
437383
32345
53810
852633
233513
178625
638524
189655
359546
799962
904755
637319
778432
781431
162670
633849
356333
900643
65208
114180
865954
829942
543560
674628
995166
646136
444297
56298
314972
820827
918154
503816
139286
394848
112588
863176
113614
474359
491335
585470
267847
96454
429075
470972
325187
944959
658065
899741
694880
653741
674727
113092
76820
900016
906987
432908
761320
984763
752062
384870
463652